------------------------------------
Optical Potential Information
------------------------------------
    r [fm]   V_real [MeV]   V_imag [MeV]  SO_real [MeV]  SO_imag [MeV]  Coulomb [MeV] 1/r^2 [1/fm^2]
         0       0.731132              0              0              0              0              0
       0.1       0.711021              0              0              0              0            100
       0.2       0.690044              0              0              0              0             25
       0.3       0.668255              0              0              0              0        11.1111
       0.4       0.645721              0              0              0              0           6.25
       0.5       0.622522              0              0              0              0              4
       0.6       0.598748              0              0              0              0        2.77778
       0.7         0.5745              0              0              0              0        2.04082
       0.8       0.549889              0              0              0              0         1.5625
       0.9       0.525032              0              0              0              0        1.23457
         1        0.50005              0              0              0              0              1
       1.1       0.475069              0              0              0              0       0.826446
       1.2       0.450211              0              0              0              0       0.694444
       1.3         0.4256              0              0              0              0       0.591716
       1.4       0.401353              0              0              0              0       0.510204
       1.5       0.377579              0              0              0              0       0.444444
       1.6       0.354379              0              0              0              0       0.390625
       1.7       0.331846              0              0              0              0       0.346021
       1.8       0.310057              0              0              0              0       0.308642
       1.9        0.28908              0              0              0              0       0.277008
         2       0.268969              0              0              0              0           0.25
       2.1       0.249765              0              0              0              0       0.226757
       2.2       0.231499              0              0              0              0       0.206612
       2.3       0.214187              0              0              0              0       0.189036
       2.4       0.197836              0              0              0              0       0.173611
       2.5       0.182444              0              0              0              0           0.16
       2.6       0.167999              0              0              0              0       0.147929
       2.7       0.154481              0              0              0              0       0.137174
       2.8       0.141865              0              0              0              0       0.127551
       2.9       0.130122              0              0              0              0       0.118906
         3       0.119215              0              0              0              0       0.111111
       3.1       0.109108              0              0              0              0       0.104058
       3.2      0.0997605              0              0              0              0      0.0976562
       3.3      0.0911321              0              0              0              0      0.0918274
       3.4      0.0831811              0              0              0              0      0.0865052
       3.5      0.0758658              0              0              0              0      0.0816327
       3.6      0.0691454              0              0              0              0      0.0771605
       3.7      0.0629797              0              0              0              0       0.073046
       3.8      0.0573299              0              0              0              0      0.0692521
       3.9      0.0521588              0              0              0              0      0.0657462
         4      0.0474306              0              0              0              0         0.0625
       4.1      0.0431116              0              0              0              0      0.0594884
       4.2      0.0391697              0              0              0              0      0.0566893
       4.3      0.0355748              0              0              0              0      0.0540833
       4.4      0.0322987              0              0              0              0      0.0516529
       4.5      0.0293152              0              0              0              0      0.0493827
       4.6      0.0265997              0              0              0              0       0.047259
       4.7      0.0241295              0              0              0              0      0.0452694
       4.8      0.0218835              0              0              0              0      0.0434028
       4.9      0.0198423              0              0              0              0      0.0416493
         5       0.017988              0              0              0              0           0.04
       5.1      0.0163041              0              0              0              0      0.0384468
       5.2      0.0147755              0              0              0              0      0.0369822
       5.3      0.0133883              0              0              0              0      0.0355999
       5.4      0.0121297              0              0              0              0      0.0342936
       5.5       0.010988              0              0              0              0      0.0330579
       5.6      0.0099528              0              0              0              0      0.0318878
       5.7     0.00901421              0              0              0              0      0.0307787
       5.8     0.00816339              0              0              0              0      0.0297265
       5.9     0.00739229              0              0              0              0      0.0287274
         6     0.00669352              0              0              0              0      0.0277778
       6.1     0.00606041              0              0              0              0      0.0268745
       6.2     0.00548685              0              0              0              0      0.0260146
       6.3      0.0049673              0              0              0              0      0.0251953
       6.4     0.00449673              0              0              0              0      0.0244141
       6.5     0.00407055              0              0              0              0      0.0236686
       6.6     0.00368461              0              0              0              0      0.0229568
       6.7     0.00333514              0              0              0              0      0.0222767
       6.8     0.00301872              0              0              0              0      0.0216263
       6.9     0.00273224              0              0              0              0       0.021004
         7     0.00247287              0              0              0              0      0.0204082
       7.1     0.00223807              0              0              0              0      0.0198373
       7.2     0.00202552              0              0              0              0      0.0192901
       7.3     0.00183312              0              0              0              0      0.0187652
       7.4     0.00165897              0              0              0              0      0.0182615
       7.5     0.00150133              0              0              0              0      0.0177778
       7.6     0.00135866              0              0              0              0       0.017313
       7.7     0.00122952              0              0              0              0      0.0168663
       7.8     0.00111265              0              0              0              0      0.0164366
       7.9     0.00100687              0              0              0              0      0.0160231
         8    0.000911143              0              0              0              0       0.015625
       8.1    0.000824508              0              0              0              0      0.0152416
       8.2    0.000746104              0              0              0              0      0.0148721
       8.3    0.000675151              0              0              0              0      0.0145159
       8.4    0.000610941              0              0              0              0      0.0141723
       8.5    0.000552834              0              0              0              0      0.0138408
       8.6    0.000500251              0              0              0              0      0.0135208
       8.7    0.000452668              0              0              0              0      0.0132118
       8.8    0.000409608              0              0              0              0      0.0129132
       8.9    0.000370643              0              0              0              0      0.0126247
         9    0.000335384              0              0              0              0      0.0123457
       9.1    0.000303478              0              0              0              0      0.0120758
       9.2    0.000274606              0              0              0              0      0.0118147
       9.3     0.00024848              0              0              0              0       0.011562
       9.4    0.000224839              0              0              0              0      0.0113173
       9.5    0.000203447              0              0              0              0      0.0110803
       9.6     0.00018409              0              0              0              0      0.0108507
       9.7    0.000166575              0              0              0              0      0.0106281
       9.8    0.000150726              0              0              0              0      0.0104123
       9.9    0.000136384              0              0              0              0       0.010203
        10    0.000123407              0              0              0              0           0.01
      10.1    0.000111665              0              0              0              0     0.00980296
      10.2    0.000101039              0              0              0              0     0.00961169
      10.3    9.14251e-05              0              0              0              0     0.00942596
      10.4    8.27256e-05              0              0              0              0     0.00924556
      10.5    7.48538e-05              0              0              0              0     0.00907029
      10.6     6.7731e-05              0              0              0              0     0.00889996
      10.7    6.12859e-05              0              0              0              0     0.00873439
      10.8    5.54541e-05              0              0              0              0     0.00857339
      10.9    5.01772e-05              0              0              0              0      0.0084168
        11    4.54024e-05              0              0              0              0     0.00826446
      11.1     4.1082e-05              0              0              0              0     0.00811622
      11.2    3.71727e-05              0              0              0              0     0.00797194
      11.3    3.36354e-05              0              0              0              0     0.00783147
      11.4    3.04346e-05              0              0              0              0     0.00769468
      11.5    2.75385e-05              0              0              0              0     0.00756144
      11.6    2.49179e-05              0              0              0              0     0.00743163
      11.7    2.25467e-05              0              0              0              0     0.00730514
      11.8    2.04011e-05              0              0              0              0     0.00718184
      11.9    1.84598e-05              0              0              0              0     0.00706165
        12    1.67031e-05              0              0              0              0     0.00694444
      12.1    1.51136e-05              0              0              0              0     0.00683013
      12.2    1.36754e-05              0              0              0              0     0.00671862
      12.3     1.2374e-05              0              0              0              0     0.00660982
      12.4    1.11965e-05              0              0              0              0     0.00650364
      12.5     1.0131e-05              0              0              0              0         0.0064
      12.6    9.16693e-06              0              0              0              0     0.00629882
      12.7    8.29459e-06              0              0              0              0     0.00620001
      12.8    7.50526e-06              0              0              0              0     0.00610352
      12.9    6.79104e-06              0              0              0              0     0.00600925
        13    6.14479e-06              0              0              0              0     0.00591716
      13.1    5.56004e-06              0              0              0              0     0.00582717
      13.2    5.03094e-06              0              0              0              0     0.00573921
      13.3    4.55218e-06              0              0              0              0     0.00565323
      13.4    4.11899e-06              0              0              0              0     0.00556917
      13.5    3.72701e-06              0              0              0              0     0.00548697
      13.6    3.37234e-06              0              0              0              0     0.00540657
      13.7    3.05142e-06              0              0              0              0     0.00532793
      13.8    2.76104e-06              0              0              0              0       0.005251
      13.9     2.4983e-06              0              0              0              0     0.00517572
        14    2.26055e-06              0              0              0              0     0.00510204
      14.1    2.04543e-06              0              0              0              0     0.00502993
      14.2    1.85078e-06              0              0              0              0     0.00495933
      14.3    1.67466e-06              0              0              0              0     0.00489021
      14.4    1.51529e-06              0              0              0              0     0.00482253
      14.5     1.3711e-06              0              0              0              0     0.00475624
      14.6    1.24062e-06              0              0              0              0     0.00469131
      14.7    1.12256e-06              0              0              0              0      0.0046277
      14.8    1.01573e-06              0              0              0              0     0.00456538
      14.9    9.19073e-07              0              0              0              0      0.0045043
        15    8.31612e-07              0              0              0              0     0.00444444
      15.1    7.52474e-07              0              0              0              0     0.00438577
      15.2    6.80866e-07              0              0              0              0     0.00432825
      15.3    6.16073e-07              0              0              0              0     0.00427186
      15.4    5.57446e-07              0              0              0              0     0.00421656
      15.5    5.04398e-07              0              0              0              0     0.00416233
      15.6    4.56398e-07              0              0              0              0     0.00410914
      15.7    4.12966e-07              0              0              0              0     0.00405696
      15.8    3.73667e-07              0              0              0              0     0.00400577
------------------------------------
