0 0 0 0
0.1 0.01 -1e-12 0.01
0.2 0.0381994 -3.81994e-12 0.0381994
0.3 0.0853589 -8.53589e-12 0.0853589
0.4 0.151046 -1.51046e-11 0.151046
0.5 0.234833 -2.34833e-11 0.234833
0.6 0.336197 -3.36197e-11 0.336197
0.7 0.454511 -4.54511e-11 0.454511
0.8 0.589045 -5.89045e-11 0.589045
0.9 0.73897 -7.3897e-11 0.73897
1 0.90336 -9.0336e-11 0.90336
1.1 1.0812 -1.0812e-10 1.0812
1.2 1.27139 -1.27139e-10 1.27139
1.3 1.47275 -1.47275e-10 1.47275
1.4 1.68402 -1.68402e-10 1.68402
1.5 1.90391 -1.90391e-10 1.90391
1.6 2.13102 -2.13102e-10 2.13102
1.7 2.36394 -2.36394e-10 2.36394
1.8 2.60121 -2.60121e-10 2.60121
1.9 2.84134 -2.84134e-10 2.84134
2 3.0828 -3.0828e-10 3.0828
2.1 3.32405 -3.32405e-10 3.32405
2.2 3.56357 -3.56357e-10 3.56357
2.3 3.79981 -3.79981e-10 3.79981
2.4 4.03124 -4.03124e-10 4.03124
2.5 4.25636 -4.25636e-10 4.25636
2.6 4.47369 -4.47369e-10 4.47369
2.7 4.68179 -4.68179e-10 4.68179
2.8 4.87926 -4.87926e-10 4.87926
2.9 5.06476 -5.06476e-10 5.06476
3 5.237 -5.237e-10 5.237
3.1 5.39478 -5.39478e-10 5.39478
3.2 5.53695 -5.53695e-10 5.53695
3.3 5.66244 -5.66244e-10 5.66244
3.4 5.77029 -5.77029e-10 5.77029
3.5 5.8596 -5.8596e-10 5.8596
3.6 5.9296 -5.9296e-10 5.9296
3.7 5.97957 -5.97957e-10 5.97957
3.8 6.00894 -6.00894e-10 6.00894
3.9 6.01722 -6.01722e-10 6.01722
4 6.00402 -6.00402e-10 6.00402
4.1 5.96909 -5.96909e-10 5.96909
4.2 5.91224 -5.91224e-10 5.91224
4.3 5.83344 -5.83344e-10 5.83344
4.4 5.73273 -5.73273e-10 5.73273
4.5 5.61028 -5.61028e-10 5.61028
4.6 5.46636 -5.46636e-10 5.46636
4.7 5.30134 -5.30134e-10 5.30134
4.8 5.1157 -5.1157e-10 5.1157
4.9 4.91002 -4.91002e-10 4.91002
5 4.68499 -4.68499e-10 4.68499
5.1 4.44137 -4.44137e-10 4.44137
5.2 4.18004 -4.18004e-10 4.18004
5.3 3.90194 -3.90194e-10 3.90194
5.4 3.6081 -3.6081e-10 3.6081
5.5 3.29966 -3.29966e-10 3.29966
5.6 2.97779 -2.97779e-10 2.97779
5.7 2.64375 -2.64375e-10 2.64375
5.8 2.29887 -2.29887e-10 2.29887
5.9 1.94452 -1.94452e-10 1.94452
6 1.58214 -1.58214e-10 1.58214
6.1 1.21319 -1.21319e-10 1.21319
6.2 0.839198 -8.39198e-11 0.839198
6.3 0.461701 -4.61701e-11 0.461701
6.4 0.0822704 -8.22704e-12 0.0822704
6.5 -0.297505 2.97505e-11 0.297505
6.6 -0.676026 6.76026e-11 0.676026
6.7 -1.05169 1.05169e-10 1.05169
6.8 -1.4229 1.4229e-10 1.4229
6.9 -1.78807 1.78807e-10 1.78807
7 -2.14563 2.14563e-10 2.14563
7.1 -2.49403 2.49403e-10 2.49403
7.2 -2.83178 2.83178e-10 2.83178
7.3 -3.15738 3.15738e-10 3.15738
7.4 -3.46943 3.46943e-10 3.46943
7.5 -3.76655 3.76655e-10 3.76655
7.6 -4.04744 4.04744e-10 4.04744
7.7 -4.31084 4.31084e-10 4.31084
7.8 -4.55558 4.55558e-10 4.55558
7.9 -4.78058 4.78058e-10 4.78058
8 -4.98482 4.98482e-10 4.98482
8.1 -5.16737 5.16737e-10 5.16737
8.2 -5.32742 5.32742e-10 5.32742
8.3 -5.46422 5.46422e-10 5.46422
8.4 -5.57714 5.57714e-10 5.57714
8.5 -5.66565 5.66565e-10 5.66565
8.6 -5.72933 5.72933e-10 5.72933
8.7 -5.76787 5.76787e-10 5.76787
8.8 -5.78107 5.78107e-10 5.78107
8.9 -5.76882 5.76882e-10 5.76882
9 -5.73117 5.73117e-10 5.73117
9.1 -5.66824 5.66824e-10 5.66824
9.2 -5.58027 5.58027e-10 5.58027
9.3 -5.46764 5.46764e-10 5.46764
9.4 -5.33081 5.33081e-10 5.33081
9.5 -5.17037 5.17037e-10 5.17037
9.6 -4.98699 4.98699e-10 4.98699
9.7 -4.78148 4.78148e-10 4.78148
9.8 -4.55472 4.55472e-10 4.55472
9.9 -4.3077 4.3077e-10 4.3077
10 -4.0415 4.0415e-10 4.0415
10.1 -3.75729 3.75729e-10 3.75729
10.2 -3.45633 3.45633e-10 3.45633
10.3 -3.13995 3.13995e-10 3.13995
10.4 -2.80953 2.80953e-10 2.80953
10.5 -2.46656 2.46656e-10 2.46656
10.6 -2.11255 2.11255e-10 2.11255
10.7 -1.74908 1.74908e-10 1.74908
10.8 -1.37778 1.37778e-10 1.37778
10.9 -1.00029 1.00029e-10 1.00029
11 -0.618324 6.18324e-11 0.618324
11.1 -0.233578 2.33578e-11 0.233578
11.2 0.152217 -1.52217e-11 0.152217
11.3 0.537328 -5.37328e-11 0.537328
11.4 0.920021 -9.20021e-11 0.920021
11.5 1.29857 -1.29857e-10 1.29857
11.6 1.67128 -1.67128e-10 1.67128
11.7 2.03645 -2.03645e-10 2.03645
11.8 2.39244 -2.39244e-10 2.39244
11.9 2.73763 -2.73763e-10 2.73763
12 3.07047 -3.07047e-10 3.07047
12.1 3.38945 -3.38945e-10 3.38945
12.2 3.6931 -3.6931e-10 3.6931
12.3 3.98007 -3.98007e-10 3.98007
12.4 4.24903 -4.24903e-10 4.24903
12.5 4.49877 -4.49877e-10 4.49877
12.6 4.72814 -4.72814e-10 4.72814
12.7 4.93609 -4.93609e-10 4.93609
12.8 5.12169 -5.12169e-10 5.12169
12.9 5.28406 -5.28406e-10 5.28406
13 5.42248 -5.42248e-10 5.42248
13.1 5.5363 -5.5363e-10 5.5363
13.2 5.62499 -5.62499e-10 5.62499
13.3 5.68814 -5.68814e-10 5.68814
13.4 5.72546 -5.72546e-10 5.72546
13.5 5.73677 -5.73677e-10 5.73677
13.6 5.722 -5.722e-10 5.722
13.7 5.68121 -5.68121e-10 5.68121
13.8 5.61459 -5.61459e-10 5.61459
13.9 5.52242 -5.52242e-10 5.52242
14 5.40512 -5.40512e-10 5.40512
14.1 5.26321 -5.26321e-10 5.26321
14.2 5.09733 -5.09733e-10 5.09733
14.3 4.90823 -4.90823e-10 4.90823
14.4 4.69676 -4.69676e-10 4.69676
14.5 4.46388 -4.46388e-10 4.46388
14.6 4.21065 -4.21065e-10 4.21065
14.7 3.93821 -3.93821e-10 3.93821
14.8 3.64781 -3.64781e-10 3.64781
14.9 3.34076 -3.34076e-10 3.34076
15 3.01846 -3.01846e-10 3.01846
15.1 2.68238 -2.68238e-10 2.68238
15.2 2.33405 -2.33405e-10 2.33405
15.3 1.97505 -1.97505e-10 1.97505
15.4 1.60704 -1.60704e-10 1.60704
15.5 1.23167 -1.23167e-10 1.23167
15.6 0.850678 -8.50678e-11 0.850678
