------------------------------------
Optical Potential Information
------------------------------------
    r [fm]   V_real [MeV]   V_imag [MeV]  SO_real [MeV]  SO_imag [MeV]  Coulomb [MeV] 1/r^2 [1/fm^2]
         0              0              0              0              0              0              0
       0.1              0              0      0.0222755              0              0            100
       0.2              0              0      0.0122485              0              0             25
       0.3              0              0     0.00897539              0              0        11.1111
       0.4              0              0     0.00739498              0              0           6.25
       0.5              0              0     0.00649507              0              0              4
       0.6              0              0     0.00593839              0              0        2.77778
       0.7              0              0     0.00558044              0              0        2.04082
       0.8              0              0       0.005349              0              0         1.5625
       0.9              0              0     0.00520395              0              0        1.23457
         1              0              0     0.00512116              0              0              1
       1.1              0              0     0.00508522              0              0       0.826446
       1.2              0              0     0.00508574              0              0       0.694444
       1.3              0              0     0.00511538              0              0       0.591716
       1.4              0              0     0.00516872              0              0       0.510204
       1.5              0              0     0.00524156              0              0       0.444444
       1.6              0              0     0.00533051              0              0       0.390625
       1.7              0              0     0.00543266              0              0       0.346021
       1.8              0              0     0.00554541              0              0       0.308642
       1.9              0              0     0.00566635              0              0       0.277008
         2              0              0     0.00579312              0              0           0.25
       2.1              0              0      0.0059234              0              0       0.226757
       2.2              0              0     0.00605482              0              0       0.206612
       2.3              0              0     0.00618495              0              0       0.189036
       2.4              0              0     0.00631129              0              0       0.173611
       2.5              0              0     0.00643129              0              0           0.16
       2.6              0              0     0.00654235              0              0       0.147929
       2.7              0              0     0.00664183              0              0       0.137174
       2.8              0              0     0.00672717              0              0       0.127551
       2.9              0              0     0.00679586              0              0       0.118906
         3              0              0     0.00684554              0              0       0.111111
       3.1              0              0     0.00687408              0              0       0.104058
       3.2              0              0     0.00687964              0              0      0.0976562
       3.3              0              0     0.00686072              0              0      0.0918274
       3.4              0              0     0.00681625              0              0      0.0865052
       3.5              0              0     0.00674561              0              0      0.0816327
       3.6              0              0     0.00664873              0              0      0.0771605
       3.7              0              0       0.006526              0              0       0.073046
       3.8              0              0      0.0063784              0              0      0.0692521
       3.9              0              0     0.00620736              0              0      0.0657462
         4              0              0     0.00601478              0              0         0.0625
       4.1              0              0     0.00580297              0              0      0.0594884
       4.2              0              0     0.00557453              0              0      0.0566893
       4.3              0              0     0.00533233              0              0      0.0540833
       4.4              0              0     0.00507933              0              0      0.0516529
       4.5              0              0     0.00481859              0              0      0.0493827
       4.6              0              0     0.00455309              0              0       0.047259
       4.7              0              0      0.0042857              0              0      0.0452694
       4.8              0              0     0.00401911              0              0      0.0434028
       4.9              0              0     0.00375577              0              0      0.0416493
         5              0              0     0.00349784              0              0           0.04
       5.1              0              0      0.0032472              0              0      0.0384468
       5.2              0              0      0.0030054              0              0      0.0369822
       5.3              0              0     0.00277367              0              0      0.0355999
       5.4              0              0     0.00255297              0              0      0.0342936
       5.5              0              0     0.00234397              0              0      0.0330579
       5.6              0              0     0.00214706              0              0      0.0318878
       5.7              0              0     0.00196246              0              0      0.0307787
       5.8              0              0     0.00179014              0              0      0.0297265
       5.9              0              0     0.00162994              0              0      0.0287274
         6              0              0     0.00148156              0              0      0.0277778
       6.1              0              0      0.0013446              0              0      0.0268745
       6.2              0              0     0.00121856              0              0      0.0260146
       6.3              0              0      0.0011029              0              0      0.0251953
       6.4              0              0     0.00099704              0              0      0.0244141
       6.5              0              0    0.000900375              0              0      0.0236686
       6.6              0              0    0.000812293              0              0      0.0229568
       6.7              0              0    0.000732185              0              0      0.0222767
       6.8              0              0    0.000659457              0              0      0.0216263
       6.9              0              0    0.000593532              0              0       0.021004
         7              0              0    0.000533858              0              0      0.0204082
       7.1              0              0    0.000479911              0              0      0.0198373
       7.2              0              0    0.000431198              0              0      0.0192901
       7.3              0              0    0.000387256              0              0      0.0187652
       7.4              0              0    0.000347655              0              0      0.0182615
       7.5              0              0    0.000311994              0              0      0.0177778
       7.6              0              0    0.000279906              0              0       0.017313
       7.7              0              0    0.000251052              0              0      0.0168663
       7.8              0              0     0.00022512              0              0      0.0164366
       7.9              0              0    0.000201826              0              0      0.0160231
         8              0              0    0.000180912              0              0       0.015625
       8.1              0              0    0.000162143              0              0      0.0152416
       8.2              0              0    0.000145303              0              0      0.0148721
       8.3              0              0      0.0001302              0              0      0.0145159
       8.4              0              0    0.000116657              0              0      0.0141723
       8.5              0              0    0.000104517              0              0      0.0138408
       8.6              0              0    9.36361e-05              0              0      0.0135208
       8.7              0              0    8.38852e-05              0              0      0.0132118
       8.8              0              0    7.51484e-05              0              0      0.0129132
       8.9              0              0     6.7321e-05              0              0      0.0126247
         9              0              0    6.03091e-05              0              0      0.0123457
       9.1              0              0    5.40281e-05              0              0      0.0120758
       9.2              0              0    4.84022e-05              0              0      0.0118147
       9.3              0              0    4.33633e-05              0              0       0.011562
       9.4              0              0    3.88502e-05              0              0      0.0113173
       9.5              0              0    3.48081e-05              0              0      0.0110803
       9.6              0              0    3.11879e-05              0              0      0.0108507
       9.7              0              0    2.79455e-05              0              0      0.0106281
       9.8              0              0    2.50415e-05              0              0      0.0104123
       9.9              0              0    2.24404e-05              0              0       0.010203
        10              0              0    2.01107e-05              0              0           0.01
      10.1              0              0    1.80239e-05              0              0     0.00980296
      10.2              0              0    1.61546e-05              0              0     0.00961169
      10.3              0              0      1.448e-05              0              0     0.00942596
      10.4              0              0    1.29799e-05              0              0     0.00924556
      10.5              0              0    1.16359e-05              0              0     0.00907029
      10.6              0              0    1.04318e-05              0              0     0.00889996
      10.7              0              0     9.3529e-06              0              0     0.00873439
      10.8              0              0    8.38614e-06              0              0     0.00857339
      10.9              0              0    7.51982e-06              0              0      0.0084168
        11              0              0    6.74344e-06              0              0     0.00826446
      11.1              0              0    6.04763e-06              0              0     0.00811622
      11.2              0              0    5.42398e-06              0              0     0.00797194
      11.3              0              0    4.86497e-06              0              0     0.00783147
      11.4              0              0    4.36386e-06              0              0     0.00769468
      11.5              0              0    3.91463e-06              0              0     0.00756144
      11.6              0              0    3.51188e-06              0              0     0.00743163
      11.7              0              0    3.15077e-06              0              0     0.00730514
      11.8              0              0    2.82698e-06              0              0     0.00718184
      11.9              0              0    2.53663e-06              0              0     0.00706165
        12              0              0    2.27625e-06              0              0     0.00694444
      12.1              0              0    2.04272e-06              0              0     0.00683013
      12.2              0              0    1.83327e-06              0              0     0.00671862
      12.3              0              0     1.6454e-06              0              0     0.00660982
      12.4              0              0    1.47687e-06              0              0     0.00650364
      12.5              0              0    1.32568e-06              0              0         0.0064
      12.6              0              0    1.19005e-06              0              0     0.00629882
      12.7              0              0    1.06835e-06              0              0     0.00620001
      12.8              0              0    9.59157e-07              0              0     0.00610352
      12.9              0              0    8.61174e-07              0              0     0.00600925
        13              0              0    7.73245e-07              0              0     0.00591716
      13.1              0              0    6.94334e-07              0              0     0.00582717
      13.2              0              0    6.23511e-07              0              0     0.00573921
      13.3              0              0    5.59943e-07              0              0     0.00565323
      13.4              0              0    5.02884e-07              0              0     0.00556917
      13.5              0              0    4.51663e-07              0              0     0.00548697
      13.6              0              0    4.05682e-07              0              0     0.00540657
      13.7              0              0    3.64401e-07              0              0     0.00532793
      13.8              0              0    3.27337e-07              0              0       0.005251
      13.9              0              0    2.94059e-07              0              0     0.00517572
        14              0              0    2.64177e-07              0              0     0.00510204
      14.1              0              0    2.37344e-07              0              0     0.00502993
      14.2              0              0    2.13246e-07              0              0     0.00495933
      14.3              0              0    1.91605e-07              0              0     0.00489021
      14.4              0              0    1.72168e-07              0              0     0.00482253
      14.5              0              0    1.54711e-07              0              0     0.00475624
      14.6              0              0     1.3903e-07              0              0     0.00469131
      14.7              0              0    1.24944e-07              0              0      0.0046277
      14.8              0              0    1.12291e-07              0              0     0.00456538
      14.9              0              0    1.00923e-07              0              0      0.0045043
        15              0              0    9.07106e-08              0              0     0.00444444
------------------------------------
